PS C:\WORK\netcore3_try\test_etc\ForParrot\Main\bin\Debug\netcoreapp3.0> .\Main.exe
Hello World!
接続
C2D:54321 UPDATE:51 USER:21
02,7F,01,17,00,00,00,01,04,05,00,00,00,00,00,00,00,00,80,00,00,00,00,
1パケット

02,7F,02,13,00,00,00,01,04,08,00,00,00,00,00,00,00,00,00,
1パケット

02,7F,03,17,00,00,00,01,04,06,00,E9,19,32,BC,35,3D,E9,3B,7F,EA,29,C0,
1パケット

02,7F,04,0D,00,00,00,01,19,00,00,F3,00,
1パケット

02,7F,05,26,00,00,00,01,04,09,00,00,00,00,00,00,40,7F,40,00,00,00,00,00,40,7F,40,00,00,00,00,00,40,7F,40,BF,BF,BF,
1パケット

02,7F,06,23,00,00,00,01,04,04,00,00,00,00,00,00,40,7F,40,00,00,00,00,00,40,7F,40,00,00,00,00,00,40,7F,40,
1パケット

02,7F,07,17,00,00,00,01,04,05,00,00,00,00,00,00,00,00,80,00,00,00,00,
1パケット

02,7F,08,13,00,00,00,01,04,08,00,00,00,00,00,00,00,00,00,
1パケット

02,7F,09,17,00,00,00,01,04,06,00,E9,22,2F,BC,8E,A7,F5,3B,20,EB,29,C0,
1パケット

02,7F,0A,0D,00,00,00,01,19,00,00,F3,00,
1パケット

02,00,01,0F,00,00,00,2B,00,00,00,A9,11,9F,01,02,7F,0B,17,00,00,00,01,04,05,00,00,00,00,00,00,00,00,80,00,00,00,00,
SendPong() 02,01,01,0F,00,00,00,2B,00,00,00,A9,11,9F,01,

複数パケット Index:0 pack:15
1パケット

02,7F,0C,13,00,00,00,01,04,08,00,00,00,00,00,00,00,00,00,
1パケット

02,7F,0D,17,00,00,00,01,04,06,00,8E,10,32,BC,43,01,EE,3B,E1,E2,29,C0,
1パケット

02,7F,0E,0D,00,00,00,01,19,00,00,F3,00,
1パケット

02,7F,0F,26,00,00,00,01,04,09,00,00,00,00,00,00,40,7F,40,00,00,00,00,00,40,7F,40,00,00,00,00,00,40,7F,40,BF,BF,BF,
1パケット

02,7F,10,17,00,00,00,01,04,05,00,00,00,00,00,00,00,00,80,00,00,00,00,
1パケット

02,7F,11,13,00,00,00,01,04,08,00,00,00,00,00,00,00,00,00,
1パケット

02,7F,12,17,00,00,00,01,04,06,00,AF,A1,2F,BC,50,06,F1,3B,74,D8,29,C0,
1パケット

02,7F,13,0D,00,00,00,01,19,00,00,F3,00,
1パケット

02,7F,14,17,00,00,00,01,04,05,00,00,00,00,00,00,00,00,80,00,00,00,00,
1パケット

02,7F,15,13,00,00,00,01,04,08,00,00,00,00,00,00,00,00,00,
1パケット

02,7F,16,17,00,00,00,01,04,06,00,C4,71,2F,BC,5E,53,F2,3B,7C,CE,29,C0,
1パケット

02,7F,17,0D,00,00,00,01,19,00,00,F3,00,
1パケット

02,00,02,0F,00,00,00,2B,00,00,00,2E,85,69,25,02,7F,18,17,00,00,00,01,04,05,00,00,00,00,00,00,00,00,80,00,00,00,00,
SendPong() 02,01,02,0F,00,00,00,2B,00,00,00,2E,85,69,25,

複数パケット Index:0 pack:15
1パケット

02,7F,19,13,00,00,00,01,04,08,00,00,00,00,00,00,00,00,00,
1パケット

02,7F,1A,17,00,00,00,01,04,06,00,FD,76,2F,BC,99,14,F9,3B,B4,BB,29,C0,
1パケット

02,7F,1B,0D,00,00,00,01,19,00,00,F3,00,
1パケット

02,7F,1C,26,00,00,00,01,04,09,00,00,00,00,00,00,40,7F,40,00,00,00,00,00,40,7F,40,00,00,00,00,00,40,7F,40,BF,BF,BF,
1パケット

02,7F,1D,23,00,00,00,01,04,04,00,00,00,00,00,00,40,7F,40,00,00,00,00,00,40,7F,40,00,00,00,00,00,40,7F,40,
1パケット

02,7F,1E,17,00,00,00,01,04,05,00,00,00,00,00,00,00,00,80,00,00,00,00,
1パケット

02,7F,1F,13,00,00,00,01,04,08,00,00,00,00,00,00,00,00,00,
1パケット

02,7F,20,17,00,00,00,01,04,06,00,A2,0A,31,BC,81,34,F7,3B,E3,B4,29,C0,
1パケット

02,7F,21,0D,00,00,00,01,19,00,00,F3,00,
1パケット

02,7F,22,17,00,00,00,01,04,05,00,00,00,00,00,00,00,00,80,00,00,00,00,
1パケット

02,7F,23,13,00,00,00,01,04,08,00,00,00,00,00,00,00,00,00,
1パケット

02,7F,24,17,00,00,00,01,04,06,00,67,B3,30,BC,26,04,F7,3B,56,C1,29,C0,
1パケット

02,7F,25,0D,00,00,00,01,19,00,00,F3,00,
1パケット

02,00,03,0F,00,00,00,2C,00,00,00,90,1C,98,0D,02,7F,26,26,00,00,00,01,04,09,00,00,00,00,00,00,40,7F,40,00,00,00,00,00,40,7F,40,00,00,00,00,00,40,7F,40,BF,BF,BF,
SendPong() 02,01,03,0F,00,00,00,2C,00,00,00,90,1C,98,0D,

複数パケット Index:0 pack:15
1パケット

02,7F,27,17,00,00,00,01,04,05,00,00,00,00,00,00,00,00,80,00,00,00,00,
1パケット

02,7F,28,13,00,00,00,01,04,08,00,00,00,00,00,00,00,00,00,
1パケット

02,7F,29,17,00,00,00,01,04,06,00,45,13,30,BC,C0,37,F7,3B,E6,B8,29,C0,
1パケット

02,7F,2A,0D,00,00,00,01,19,00,00,F3,00,
1パケット

02,7F,2B,17,00,00,00,01,04,05,00,00,00,00,00,00,00,00,80,00,00,00,00,
1パケット

02,7F,2C,13,00,00,00,01,04,08,00,00,00,00,00,00,00,00,00,
1パケット

02,7F,2D,17,00,00,00,01,04,06,00,10,FA,30,BC,ED,1D,F8,3B,C2,B1,29,C0,
1パケット

02,7F,2E,0D,00,00,00,01,19,00,00,F3,00,
1パケット

02,7F,2F,17,00,00,00,01,04,05,00,00,00,00,00,00,00,00,80,00,00,00,00,
1パケット

02,7F,30,13,00,00,00,01,04,08,00,00,00,00,00,00,00,00,00,
1パケット

02,7F,31,17,00,00,00,01,04,06,00,70,C4,32,BC,20,95,F0,3B,9B,AE,29,C0,
1パケット

02,7F,32,0D,00,00,00,01,19,00,00,F3,00,
1パケット

02,00,04,0F,00,00,00,2C,00,00,00,6E,44,63,31,02,7F,33,26,00,00,00,01,04,09,00,00,00,00,00,00,40,7F,40,00,00,00,00,00,40,7F,40,00,00,00,00,00,40,7F,40,BF,BF,BF,
SendPong() 02,01,04,0F,00,00,00,2C,00,00,00,6E,44,63,31,

複数パケット Index:0 pack:15
1パケット

02,7F,34,23,00,00,00,01,04,04,00,00,00,00,00,00,40,7F,40,00,00,00,00,00,40,7F,40,00,00,00,00,00,40,7F,40,
1パケット

02,7F,35,17,00,00,00,01,04,05,00,00,00,00,00,00,00,00,80,00,00,00,00,
1パケット

02,7F,36,13,00,00,00,01,04,08,00,00,00,00,00,00,00,00,00,
1パケット

02,7F,37,17,00,00,00,01,04,06,00,32,CD,33,BC,8D,22,F1,3B,32,A7,29,C0,
1パケット

02,7F,38,0D,00,00,00,01,19,00,00,F3,00,
1パケット

02,7F,39,17,00,00,00,01,04,05,00,00,00,00,00,00,00,00,80,00,00,00,00,
1パケット

02,7F,3A,13,00,00,00,01,04,08,00,00,00,00,00,00,00,00,00,
1パケット

02,7F,3B,17,00,00,00,01,04,06,00,A8,81,31,BC,40,F4,F5,3B,A5,AA,29,C0,
1パケット

02,7F,3C,0D,00,00,00,01,19,00,00,F3,00,
1パケット

02,7F,3D,26,00,00,00,01,04,09,00,00,00,00,00,00,40,7F,40,00,00,00,00,00,40,7F,40,00,00,00,00,00,40,7F,40,BF,BF,BF,
1パケット

02,7F,3E,17,00,00,00,01,04,05,00,00,00,00,00,00,00,00,80,00,00,00,00,
1パケット

02,7F,3F,13,00,00,00,01,04,08,00,00,00,00,00,00,00,00,00,
1パケット

02,7F,40,17,00,00,00,01,04,06,00,B6,A5,31,BC,FC,29,F4,3B,ED,B2,29,C0,
1パケット

02,7F,41,0D,00,00,00,01,19,00,00,F3,00,
1パケット

02,00,05,0F,00,00,00,2D,00,00,00,17,55,9C,19,02,7F,42,17,00,00,00,01,04,05,00,00,00,00,00,00,00,00,80,00,00,00,00,
SendPong() 02,01,05,0F,00,00,00,2D,00,00,00,17,55,9C,19,

複数パケット Index:0 pack:15
1パケット

02,7F,43,13,00,00,00,01,04,08,00,00,00,00,00,00,00,00,00,
1パケット

02,7F,44,17,00,00,00,01,04,06,00,96,60,30,BC,70,65,EB,3B,95,B0,29,C0,
1パケット

02,7F,45,0D,00,00,00,01,19,00,00,F3,00,
1パケット

02,7F,46,0D,00,00,00,00,05,07,00,EB,FF,
1パケット

02,7F,47,17,00,00,00,01,04,05,00,00,00,00,00,00,00,00,80,00,00,00,00,
1パケット

02,7F,48,13,00,00,00,01,04,08,00,00,00,00,00,00,00,00,00,
1パケット

02,7F,49,17,00,00,00,01,04,06,00,16,28,31,BC,00,9E,EE,3B,E4,B2,29,C0,
1パケット

02,7F,4A,0D,00,00,00,01,19,00,00,F3,00,
1パケット

02,7F,4B,26,00,00,00,01,04,09,00,00,00,00,00,00,40,7F,40,00,00,00,00,00,40,7F,40,00,00,00,00,00,40,7F,40,BF,BF,BF,
1パケット

02,7F,4C,23,00,00,00,01,04,04,00,00,00,00,00,00,40,7F,40,00,00,00,00,00,40,7F,40,00,00,00,00,00,40,7F,40,
1パケット

02,7F,4D,17,00,00,00,01,04,05,00,00,00,00,00,00,00,00,80,00,00,00,00,
1パケット

02,7F,4E,13,00,00,00,01,04,08,00,00,00,00,00,00,00,00,00,
1パケット

02,7F,4F,17,00,00,00,01,04,06,00,B3,16,33,BC,87,F3,EC,3B,AE,AB,29,C0,
1パケット

02,00,06,0F,00,00,00,2D,00,00,00,FB,42,8C,37,02,7F,50,0D,00,00,00,01,19,00,00,F3,00,
SendPong() 02,01,06,0F,00,00,00,2D,00,00,00,FB,42,8C,37,

複数パケット Index:0 pack:15
1パケット

02,7F,51,17,00,00,00,01,04,05,00,00,00,00,00,00,00,00,80,00,00,00,00,
1パケット

02,7F,52,13,00,00,00,01,04,08,00,00,00,00,00,00,00,00,00,
1パケット

02,7F,53,17,00,00,00,01,04,06,00,00,86,31,BC,DF,93,F0,3B,AD,A1,29,C0,
1パケット

02,7F,54,0D,00,00,00,01,19,00,00,F3,00,
1パケット

02,7F,55,26,00,00,00,01,04,09,00,00,00,00,00,00,40,7F,40,00,00,00,00,00,40,7F,40,00,00,00,00,00,40,7F,40,BF,BF,BF,
1パケット

02,7F,56,17,00,00,00,01,04,05,00,00,00,00,00,00,00,00,80,00,00,00,00,
1パケット

02,7F,57,13,00,00,00,01,04,08,00,00,00,00,00,00,00,00,00,
1パケット

02,7F,58,17,00,00,00,01,04,06,00,98,B0,32,BC,8F,AE,F4,3B,CE,A8,29,C0,
1パケット

02,7F,59,0D,00,00,00,01,19,00,00,F3,00,
1パケット

02,7F,5A,17,00,00,00,01,04,05,00,00,00,00,00,00,00,00,80,00,00,00,00,
1パケット

02,00,07,0F,00,00,00,2E,00,00,00,C3,DD,DD,1A,02,7F,5B,13,00,00,00,01,04,08,00,00,00,00,00,00,00,00,00,
SendPong() 02,01,07,0F,00,00,00,2E,00,00,00,C3,DD,DD,1A,

複数パケット Index:0 pack:15
1パケット

02,7F,5C,17,00,00,00,01,04,06,00,82,7D,32,BC,8A,79,F8,3B,6B,B5,29,C0,
1パケット

02,7F,5D,0D,00,00,00,01,19,00,00,F3,00,
1パケット

02,7F,5E,0D,00,00,00,00,05,07,00,EB,FF,
1パケット

02,7F,5F,17,00,00,00,01,04,05,00,00,00,00,00,00,00,00,80,00,00,00,00,
1パケット

02,7F,60,13,00,00,00,01,04,08,00,00,00,00,00,00,00,00,00,
1パケット

02,7F,61,17,00,00,00,01,04,06,00,BA,86,31,BC,CF,E2,F4,3B,8F,B6,29,C0,
1パケット

02,7F,62,0D,00,00,00,01,19,00,00,F3,00,
1パケット

02,7F,63,26,00,00,00,01,04,09,00,00,00,00,00,00,40,7F,40,00,00,00,00,00,40,7F,40,00,00,00,00,00,40,7F,40,BF,BF,BF,
1パケット

02,7F,64,23,00,00,00,01,04,04,00,00,00,00,00,00,40,7F,40,00,00,00,00,00,40,7F,40,00,00,00,00,00,40,7F,40,
1パケット

02,7F,65,17,00,00,00,01,04,05,00,00,00,00,00,00,00,00,80,00,00,00,00,
1パケット

02,7F,66,13,00,00,00,01,04,08,00,00,00,00,00,00,00,00,00,
1パケット

02,7F,67,17,00,00,00,01,04,06,00,40,1D,2E,BC,0D,48,EE,3B,84,AA,29,C0,
1パケット

02,7F,68,0D,00,00,00,01,19,00,00,F3,00,
1パケット

02,00,08,0F,00,00,00,2F,00,00,00,FE,8D,DD,01,02,7F,69,17,00,00,00,01,04,05,00,00,00,00,00,00,00,00,80,00,00,00,00,
SendPong() 02,01,08,0F,00,00,00,2F,00,00,00,FE,8D,DD,01,

複数パケット Index:0 pack:15
1パケット

02,7F,6A,13,00,00,00,01,04,08,00,00,00,00,00,00,00,00,00,
1パケット

02,7F,6B,17,00,00,00,01,04,06,00,1E,FE,31,BC,59,0F,EF,3B,D6,AB,29,C0,
1パケット

02,7F,6C,0D,00,00,00,01,19,00,00,F3,00,
1パケット

02,7F,6D,26,00,00,00,01,04,09,00,00,00,00,00,00,40,7F,40,00,00,00,00,00,40,7F,40,00,00,00,00,00,40,7F,40,BF,BF,BF,
1パケット

02,7F,6E,17,00,00,00,01,04,05,00,00,00,00,00,00,00,00,80,00,00,00,00,
1パケット

02,7F,6F,13,00,00,00,01,04,08,00,00,00,00,00,00,00,00,00,
1パケット

02,7F,70,17,00,00,00,01,04,06,00,F0,77,32,BC,52,5F,E7,3B,F6,B0,29,C0,
1パケット

02,7F,71,0D,00,00,00,01,19,00,00,F3,00,
1パケット

02,7F,72,17,00,00,00,01,04,05,00,00,00,00,00,00,00,00,80,00,00,00,00,
1パケット

02,7F,73,13,00,00,00,01,04,08,00,00,00,00,00,00,00,00,00,
1パケット

02,7F,74,17,00,00,00,01,04,06,00,6D,0F,32,BC,44,35,DE,3B,1E,AF,29,C0,
1パケット

02,7F,75,0D,00,00,00,01,19,00,00,F3,00,
1パケット

UDP切断